23 24
000000000001110000110000
001000000011111111110000
011110001110000111000000
001110001101110110000000
001100000011111000000000
001100000011110000000000
011000000000110000000000
011000111111111111110000
111011001100001111111000
111100000011110001001100
111000011100011111000011
000000000111100000000011
000000011000011110001100
000000111111100001010000
000000011111111101100000
000000011100111000000000
000000111000011000000000
000011100000011000000000
000011100000001100000000
000011100000001110000000
000011100000000110000000
000111100000000111110000
001111110000000111111000
